8 1583
46 1583
51 1583
57 203
74 1583
88 203
96 1583
97 1583
111 203
112 203
147 1583
160 203
161 203
171 1583
172 2406
173 2406
180 2406
212 2406
227 2406
232 2406
236 2406
237 327
253 2406
254 327
301 327
371 19000
380 2406
382 2406
383 327
389 2406
392 2406
393 327
394 2406
395 2406
402 327
403 327
429 2406
431 1583
432 203
437 1583
438 203
443 2406
453 2406
455 2406
462 3
475 2406
476 327
477 2406
479 2406
480 327
483 2406
485 1583
486 203
487 2406
489 2406
490 327
502 1583
503 203
523 327
526 2406
527 327
528 2406
529 327
533 675
534 675
575 2406
576 327
580 327
581 2406
582 327
585 2406
586 327
588 327
604 327
605 2406
606 327
628 327
632 327
640 2406
641 327
644 2406
645 327
652 327
667 2406
668 327
681 327
684 327
685 327
688 327
706 327
10008 1583
10011 27
10046 1583
10047 2406
10051 1583
10052 2406
10057 22
10058 2406
10069 1583
10074 1583
10076 2406
10088 22
10089 27
10096 1583
10097 1583
10111 22
10112 22
10118 2406
10147 1583
10170 1583
10171 1583
10172 2406
10173 2406
10176 1583
10180 2406
10182 22
10185 22
10210 2406
10212 2406
10213 2406
10227 2406
10228 27
10232 2406
10233 27
10236 2406
10237 27
10245 2406
10253 2406
10254 27
10263 2406
10271 2406
10291 2406
10371 19000
10372 29
10380 2406
10381 27
10382 2406
10383 27
10389 2406
10390 27
10392 2406
10393 27
10394 2406
10395 2406
10418 29
10419 19000
10420 29
10429 2406
10430 27
10431 1583
10432 22
10437 1583
10438 22
10443 2406
10453 2406
10454 27
10455 2406
10456 27
10471 27
10475 2406
10476 27
10477 2406
10478 27
10479 2406
10480 27
10483 2406
10484 27
10485 1583
10486 22
10487 2406
10488 27
10489 2406
10490 27
10502 1583
10503 22
10523 27
10526 2406
10527 27
10528 2406
10529 27
10533 29
10534 29
10575 2406
10576 27
10580 27
10581 2406
10582 27
10585 2406
10586 27
10587 2406
10588 27
10604 27
10605 2406
10606 27
10628 27
10632 27
10641 27
10644 2406
10645 27
10652 27
10667 2406
10668 27
10681 27
10684 27
10685 27
10688 27
10706 27
