20	8	0	1583	1
20	46	0	1583	1
20	51	0	1583	1
20	57	0	203	1
20	74	0	1583	1
20	88	0	203	1
20	96	0	1583	1
20	97	0	1583	1
20	111	0	203	1
20	112	0	203	1
20	147	0	1583	1
20	160	0	203	1
20	161	0	203	1
20	171	0	1583	1
20	172	0	2406	1
20	173	0	2406	1
20	180	0	2406	1
20	212	0	2406	1
20	227	0	2406	1
20	232	0	2406	1
20	236	0	2406	1
20	237	0	327	1
20	253	0	2406	1
20	254	0	327	1
20	301	0	327	1
20	371	0	19000	1
20	380	0	2406	1
20	382	0	2406	1
20	383	0	327	1
20	389	0	2406	1
20	392	0	2406	1
20	393	0	327	1
20	394	0	2406	1
20	395	0	2406	1
20	402	0	327	1
20	403	0	327	1
20	429	0	2406	1
20	431	0	1583	1
20	432	0	203	1
20	437	0	1583	1
20	438	0	203	1
20	443	0	2406	1
20	453	0	2406	1
20	455	0	2406	1
20	462	0	3	1
20	475	0	2406	1
20	476	0	327	1
20	477	0	2406	1
20	479	0	2406	1
20	480	0	327	1
20	483	0	2406	1
20	485	0	1583	1
20	486	0	203	1
20	487	0	2406	1
20	489	0	2406	1
20	490	0	327	1
20	502	0	1583	1
20	503	0	203	1
20	523	0	327	1
20	526	0	2406	1
20	527	0	327	1
20	528	0	2406	1
20	529	0	327	1
20	533	0	675	1
20	534	0	675	1
20	575	0	2406	1
20	576	0	327	1
20	580	0	327	1
20	581	0	2406	1
20	582	0	327	1
20	585	0	2406	1
20	586	0	327	1
20	588	0	327	1
20	604	0	327	1
20	605	0	2406	1
20	606	0	327	1
20	628	0	327	1
20	632	0	327	1
20	640	0	2406	1
20	641	0	327	1
20	644	0	2406	1
20	645	0	327	1
20	652	0	327	1
20	667	0	2406	1
20	668	0	327	1
20	681	0	327	1
20	684	0	327	1
20	685	0	327	1
20	688	0	327	1
20	706	0	327	1
20	10008	0	1583	1
20	10011	0	27	1
20	10046	0	1583	1
20	10047	0	2406	1
20	10051	0	1583	1
20	10052	0	2406	1
20	10057	0	22	1
20	10058	0	2406	1
20	10069	0	1583	1
20	10074	0	1583	1
20	10076	0	2406	1
20	10088	0	22	1
20	10089	0	27	1
20	10096	0	1583	1
20	10097	0	1583	1
20	10111	0	22	1
20	10112	0	22	1
20	10118	0	2406	1
20	10147	0	1583	1
20	10170	0	1583	1
20	10171	0	1583	1
20	10172	0	2406	1
20	10173	0	2406	1
20	10176	0	1583	1
20	10180	0	2406	1
20	10182	0	22	1
20	10185	0	22	1
20	10210	0	2406	1
20	10212	0	2406	1
20	10213	0	2406	1
20	10227	0	2406	1
20	10228	0	27	1
20	10232	0	2406	1
20	10233	0	27	1
20	10236	0	2406	1
20	10237	0	27	1
20	10245	0	2406	1
20	10253	0	2406	1
20	10254	0	27	1
20	10263	0	2406	1
20	10271	0	2406	1
20	10291	0	2406	1
20	10371	0	19000	1
20	10372	0	29	1
20	10380	0	2406	1
20	10381	0	27	1
20	10382	0	2406	1
20	10383	0	27	1
20	10389	0	2406	1
20	10390	0	27	1
20	10392	0	2406	1
20	10393	0	27	1
20	10394	0	2406	1
20	10395	0	2406	1
20	10418	0	29	1
20	10419	0	19000	1
20	10420	0	29	1
20	10429	0	2406	1
20	10430	0	27	1
20	10431	0	1583	1
20	10432	0	22	1
20	10437	0	1583	1
20	10438	0	22	1
20	10443	0	2406	1
20	10453	0	2406	1
20	10454	0	27	1
20	10455	0	2406	1
20	10456	0	27	1
20	10471	0	27	1
20	10475	0	2406	1
20	10476	0	27	1
20	10477	0	2406	1
20	10478	0	27	1
20	10479	0	2406	1
20	10480	0	27	1
20	10483	0	2406	1
20	10484	0	27	1
20	10485	0	1583	1
20	10486	0	22	1
20	10487	0	2406	1
20	10488	0	27	1
20	10489	0	2406	1
20	10490	0	27	1
20	10502	0	1583	1
20	10503	0	22	1
20	10523	0	27	1
20	10526	0	2406	1
20	10527	0	27	1
20	10528	0	2406	1
20	10529	0	27	1
20	10533	0	29	1
20	10534	0	29	1
20	10575	0	2406	1
20	10576	0	27	1
20	10580	0	27	1
20	10581	0	2406	1
20	10582	0	27	1
20	10585	0	2406	1
20	10586	0	27	1
20	10587	0	2406	1
20	10588	0	27	1
20	10604	0	27	1
20	10605	0	2406	1
20	10606	0	27	1
20	10628	0	27	1
20	10632	0	27	1
20	10641	0	27	1
20	10644	0	2406	1
20	10645	0	27	1
20	10652	0	27	1
20	10667	0	2406	1
20	10668	0	27	1
20	10681	0	27	1
20	10684	0	27	1
20	10685	0	27	1
20	10688	0	27	1
20	10706	0	27	1

